{
    "loot_tier_generated_flags": 3,
    "definitions": {},
    "vehicles": {
        "vehicles": []
    },
    "actors": {
        "actors": []
    },
    "floor_items": {
        "items": [
            {
                "transform": {
                    "m": [
                        -0.45386025309562683,
                        -0.0006078118458390236,
                        -0.8910728096961975,
                        0.005843318998813629,
                        0.9999762177467346,
                        -0.003658339846879244,
                        0.8910538554191589,
                        -0.006867196876555681,
                        -0.45384591817855835
                    ],
                    "t": [
                        83954.76887197384,
                        4.6175298756444585,
                        55875.319154044024
                    ]
                },
                "item": {
                    "_type": "vehicle_editor_remove",
                    "id": 12,
                    "pattern": 25,
                    "is_loot": true
                }
            },
            {
                "transform": {
                    "m": [
                        -0.44274890422821045,
                        -8.731827705332762e-9,
                        -0.896645724773407,
                        -7.776527866099059e-9,
                        1.0,
                        -5.898404875637198e-9,
                        0.896645724773407,
                        4.361278005404756e-9,
                        -0.44274890422821045
                    ],
                    "t": [
                        83954.90746716614,
                        4.585999989379257,
                        55875.700533189825
                    ]
                },
                "item": {
                    "_type": "vehicle_editor_properties",
                    "id": 13,
                    "pattern": 25,
                    "is_loot": true
                }
            },
            {
                "transform": {
                    "m": [
                        -0.4217017590999603,
                        0.005264177918434143,
                        -0.906719446182251,
                        -0.12310977280139923,
                        0.990390956401825,
                        0.0630064532160759,
                        0.8983384370803833,
                        0.1381959319114685,
                        -0.41700148582458496
                    ],
                    "t": [
                        83955.14230326939,
                        4.568860088841243,
                        55876.046782125755
                    ]
                },
                "item": {
                    "_type": "vehicle_editor_weld",
                    "id": 14,
                    "is_loot": true
                }
            },
            {
                "transform": {
                    "m": [
                        -0.4539896249771118,
                        0.00001737678758217953,
                        -0.8910069465637207,
                        0.000008644584340800066,
                        1.0,
                        0.000015097788491402753,
                        0.8910069465637207,
                        -8.481451914121863e-7,
                        -0.4539896249771118
                    ],
                    "t": [
                        83955.10969112726,
                        5.051058185481827,
                        55876.099047198986
                    ]
                },
                "item": {
                    "_type": "vehicle_editor_add_component",
                    "id": 15,
                    "is_loot": true,
                    "component_def": "electric_motor_a"
                }
            },
            {
                "transform": {
                    "m": [
                        -0.4539896249771118,
                        -9.560923786011699e-8,
                        -0.891007125377655,
                        7.396582759611192e-7,
                        1.0,
                        -4.841783720621606e-7,
                        0.891007125377655,
                        -8.788525747149833e-7,
                        -0.4539896249771118
                    ],
                    "t": [
                        83954.71736089316,
                        5.051000027787843,
                        55875.32905610391
                    ]
                },
                "item": {
                    "_type": "vehicle_editor_add_component",
                    "id": 16,
                    "is_loot": true,
                    "component_def": "electric_relay"
                }
            },
            {
                "transform": {
                    "m": [
                        -0.8915534615516663,
                        0.3113035261631012,
                        -0.32897236943244934,
                        0.448837548494339,
                        0.5100219249725342,
                        -0.7337728142738342,
                        -0.060642898082733154,
                        -0.8018527626991272,
                        -0.5944365859031677
                    ],
                    "t": [
                        83955.76671148415,
                        4.740322984659644,
                        55875.99729856935
                    ]
                },
                "item": {
                    "_type": "wheel_quadbike",
                    "id": 17,
                    "is_loot": true
                }
            },
            {
                "transform": {
                    "m": [
                        -0.4244903028011322,
                        0.39158833026885986,
                        -0.8163739442825317,
                        0.1796932816505432,
                        0.9201399683952332,
                        0.3479263186454773,
                        0.8874222040176392,
                        0.0009944438934326172,
                        -0.46095627546310425
                    ],
                    "t": [
                        83955.33944056147,
                        5.872471512416728,
                        55876.430900648425
                    ]
                },
                "item": {
                    "_type": "vehicle_editor_remove",
                    "id": 18,
                    "pattern": 25,
                    "is_loot": true
                }
            },
            {
                "transform": {
                    "m": [
                        -0.45415008068084717,
                        -2.618327243908425e-8,
                        -0.8909252882003784,
                        6.893292834320164e-7,
                        1.0,
                        -3.807751056683628e-7,
                        0.8909252882003784,
                        -7.870698937040288e-7,
                        -0.45415008068084717
                    ],
                    "t": [
                        83955.0709415372,
                        5.786000005832415,
                        55876.089048348775
                    ]
                },
                "item": {
                    "_type": "vehicle_editor_properties",
                    "id": 19,
                    "pattern": 25,
                    "is_loot": true
                }
            },
            {
                "transform": {
                    "m": [
                        -0.4791279137134552,
                        -0.0069787828251719475,
                        -0.8777173757553101,
                        -0.005458124913275242,
                        0.9999727010726929,
                        -0.004971364047378302,
                        0.8777281045913696,
                        0.0024087713100016117,
                        -0.47915297746658325
                    ],
                    "t": [
                        83955.0179445435,
                        5.8021065185997065,
                        55875.63939335735
                    ]
                },
                "item": {
                    "_type": "vehicle_editor_weld",
                    "id": 20,
                    "is_loot": true
                }
            },
            {
                "transform": {
                    "m": [
                        -0.4662635326385498,
                        -3.53461926394516e-9,
                        -0.8846459984779358,
                        -6.931566876033912e-9,
                        1.0,
                        -3.421516403534497e-10,
                        0.8846459984779358,
                        5.972449645952338e-9,
                        -0.4662635326385498
                    ],
                    "t": [
                        83952.79818849947,
                        4.570999911631865,
                        55870.91849235421
                    ]
                },
                "item": {
                    "_type": "vehicle_editor_add_component",
                    "id": 38,
                    "is_loot": true,
                    "component_def": "electric_port_angle",
                    "count": 5
                }
            },
            {
                "transform": {
                    "m": [
                        -0.4690922498703003,
                        -1.4097479628105702e-8,
                        -0.8831494450569153,
                        -1.0848101972271706e-8,
                        1.0,
                        -1.0200677635907596e-8,
                        0.8831494450569153,
                        4.7954369364333616e-9,
                        -0.4690922498703003
                    ],
                    "t": [
                        83953.86036407984,
                        5.450999906770585,
                        55872.26794363449
                    ]
                },
                "item": {
                    "_type": "vehicle_editor_add_component",
                    "id": 39,
                    "is_loot": true,
                    "component_def": "mechanical_junction_toggle"
                }
            },
            {
                "transform": {
                    "m": [
                        -0.45399153232574463,
                        -2.948017296944272e-8,
                        -0.8910061717033386,
                        -4.687289489879731e-8,
                        1.0,
                        -9.203400708202025e-9,
                        0.8910061717033386,
                        3.7585770940040675e-8,
                        -0.45399153232574463
                    ],
                    "t": [
                        83955.2912864366,
                        5.050999973290042,
                        55876.45544880332
                    ]
                },
                "item": {
                    "_type": "vehicle_editor_add_component",
                    "id": 40,
                    "is_loot": true,
                    "component_def": "light_indicator_arrow_a"
                }
            },
            {
                "transform": {
                    "m": [
                        0.3953258693218231,
                        -0.22198814153671265,
                        0.891312837600708,
                        0.09086239337921143,
                        0.9750488996505737,
                        0.20254284143447876,
                        -0.9140357971191406,
                        0.0009164139628410339,
                        0.4056324362754822
                    ],
                    "t": [
                        83957.88359984997,
                        5.218539968457545,
                        55878.802896594614
                    ]
                },
                "item": {
                    "_type": "shirt_button_up",
                    "id": 41,
                    "pattern": 34,
                    "is_loot": true,
                    "children": []
                }
            },
            {
                "transform": {
                    "m": [
                        0.415134459733963,
                        -0.0004026993992738426,
                        0.909760057926178,
                        -0.00006699167715851218,
                        0.9999998807907104,
                        0.00047321265446953475,
                        -0.9097601771354675,
                        -0.0002573932579252869,
                        0.41513437032699585
                    ],
                    "t": [
                        83957.58118273766,
                        5.140550039821521,
                        55878.16028434903
                    ]
                },
                "item": {
                    "_type": "single_shot_shotgun_12_gauge",
                    "id": 42,
                    "is_loot": true,
                    "children": []
                }
            },
            {
                "transform": {
                    "m": [
                        -0.4733259677886963,
                        -6.833187349286618e-10,
                        -0.8808875679969788,
                        -7.000575674709353e-9,
                        1.0,
                        2.9858913119795716e-9,
                        0.8808875679969788,
                        7.580018390740406e-9,
                        -0.4733259677886963
                    ],
                    "t": [
                        83958.15777448805,
                        5.211000016415634,
                        55877.85793539875
                    ]
                },
                "item": {
                    "_type": "vehicle_editor_add_component",
                    "id": 43,
                    "is_loot": true,
                    "component_def": "square_button_off"
                }
            },
            {
                "transform": {
                    "m": [
                        -0.467678427696228,
                        4.16235046429847e-9,
                        -0.8838987350463867,
                        -2.1420125673188295e-9,
                        1.0,
                        5.842438088876634e-9,
                        0.8838987350463867,
                        4.625703819982618e-9,
                        -0.467678427696228
                    ],
                    "t": [
                        83961.63229328553,
                        4.891000083277704,
                        55876.12150901126
                    ]
                },
                "item": {
                    "_type": "vehicle_editor_add_component",
                    "id": 44,
                    "is_loot": true,
                    "component_def": "electric_bracket"
                }
            },
            {
                "transform": {
                    "m": [
                        -0.4690922498703003,
                        2.349763272846417e-9,
                        -0.8831494450569153,
                        -4.558395438891694e-9,
                        1.0,
                        5.081892684444256e-9,
                        0.8831494450569153,
                        6.409619057734517e-9,
                        -0.4690922498703003
                    ],
                    "t": [
                        83961.33206471839,
                        4.891000083181563,
                        55875.53978981695
                    ]
                },
                "item": {
                    "_type": "vehicle_editor_add_component",
                    "id": 45,
                    "is_loot": true,
                    "component_def": "gas_vent"
                }
            },
            {
                "transform": {
                    "m": [
                        0.9024196863174438,
                        -6.419376141764133e-10,
                        -0.4308580756187439,
                        -6.847264422127353e-11,
                        1.0,
                        -1.6333189245543167e-9,
                        0.4308580756187439,
                        1.5034412603753822e-9,
                        0.9024196863174438
                    ],
                    "t": [
                        83966.61080779313,
                        4.810999921093362,
                        55869.234706144576
                    ]
                },
                "item": {
                    "_type": "vehicle_editor_add_component",
                    "id": 72,
                    "is_loot": true,
                    "component_def": "round_button_circle"
                }
            },
            {
                "transform": {
                    "m": [
                        0.8996437788009644,
                        9.481715412817948e-10,
                        -0.436624675989151,
                        -1.9836460252165011e-10,
                        1.0,
                        1.7628734028107829e-9,
                        0.436624675989151,
                        -1.499347312972077e-9,
                        0.8996437788009644
                    ],
                    "t": [
                        83966.09288941522,
                        4.8109999212387216,
                        55869.49597493319
                    ]
                },
                "item": {
                    "_type": "vehicle_editor_add_component",
                    "id": 73,
                    "is_loot": true,
                    "component_def": "liquid_port_straight",
                    "count": 5
                }
            },
            {
                "transform": {
                    "m": [
                        0.893622636795044,
                        -6.773975269602772e-10,
                        -0.4488190710544586,
                        1.2381349279166898e-9,
                        1.0,
                        9.559039115814016e-10,
                        0.4488190710544586,
                        -1.409915850736354e-9,
                        0.893622636795044
                    ],
                    "t": [
                        83965.6448257153,
                        4.810999921142949,
                        55869.728057812084
                    ]
                },
                "item": {
                    "_type": "vehicle_editor_add_component",
                    "id": 74,
                    "is_loot": true,
                    "component_def": "junction_t_liquid_pipe_a"
                }
            },
            {
                "transform": {
                    "m": [
                        0.47422143816947937,
                        -0.018940242007374763,
                        0.8802018165588379,
                        0.03331802040338516,
                        0.999438464641571,
                        0.0035554198548197746,
                        -0.8797749280929565,
                        0.02764052525162697,
                        0.4745861887931824
                    ],
                    "t": [
                        83960.66877723104,
                        4.355638410150775,
                        55875.82757503875
                    ]
                },
                "item": {
                    "_type": "vehicle_editor_gas",
                    "id": 120,
                    "pattern": 25,
                    "is_loot": true
                }
            },
            {
                "transform": {
                    "m": [
                        0.896140456199646,
                        8.180511823496772e-10,
                        -0.44377055764198303,
                        -4.383441387645348e-10,
                        1.0,
                        9.58227830416547e-10,
                        0.44377055764198303,
                        -6.64182542298164e-10,
                        0.896140456199646
                    ],
                    "t": [
                        83964.05388850457,
                        4.810999921195059,
                        55869.8171639851
                    ]
                },
                "item": {
                    "_type": "vehicle_editor_add_component",
                    "id": 122,
                    "is_loot": true,
                    "component_def": "circular_dial_c"
                }
            },
            {
                "transform": {
                    "m": [
                        0.8867168426513672,
                        1.6321510809547135e-9,
                        -0.4623129665851593,
                        -1.693705620198216e-9,
                        1.0,
                        2.81873802077115e-10,
                        0.4623129665851593,
                        5.330797470115556e-10,
                        0.8867168426513672
                    ],
                    "t": [
                        83964.56925571818,
                        4.81099992103236,
                        55869.53079772897
                    ]
                },
                "item": {
                    "_type": "vehicle_editor_add_component",
                    "id": 123,
                    "is_loot": true,
                    "component_def": "exhaust_manifold_angle"
                }
            },
            {
                "transform": {
                    "m": [
                        0.8749800324440002,
                        1.0004593820056584e-9,
                        -0.48415902256965637,
                        -2.2743082972453976e-9,
                        1.0,
                        -2.043781366367625e-9,
                        0.48415902256965637,
                        2.8893947234820416e-9,
                        0.8749800324440002
                    ],
                    "t": [
                        83965.36337463069,
                        4.810999921051326,
                        55869.129899612475
                    ]
                },
                "item": {
                    "_type": "vehicle_editor_add_component",
                    "id": 124,
                    "is_loot": true,
                    "component_def": "mechanical_junction_max"
                }
            }
        ]
    },
    "creative_domes": {
        "domes": []
    },
    "props": {
        "props": [
            {
                "id": 26,
                "transform": {
                    "m": [
                        -0.8910064697265625,
                        0.0,
                        0.45399048924446106,
                        0.0,
                        1.0,
                        0.0,
                        -0.45399048924446106,
                        0.0,
                        -0.8910064697265625
                    ],
                    "t": [
                        83956.79787412442,
                        5.010001877145762,
                        55886.77026696982
                    ]
                },
                "definition_id": "dumpster_a",
                "color": 84
            },
            {
                "id": 27,
                "transform": {
                    "m": [
                        0.8934441208839417,
                        0.0,
                        -0.44917428493499756,
                        0.0,
                        1.0,
                        0.0,
                        0.44917428493499756,
                        0.0,
                        0.8934441208839417
                    ],
                    "t": [
                        83947.91888588762,
                        9.88998782473044,
                        55892.50842677486
                    ]
                },
                "definition_id": "safety_rail_a",
                "color": 39
            },
            {
                "id": 28,
                "transform": {
                    "m": [
                        0.8934441208839417,
                        0.0,
                        -0.44917428493499756,
                        0.0,
                        1.0,
                        0.0,
                        0.44917428493499756,
                        0.0,
                        0.8934441208839417
                    ],
                    "t": [
                        83949.74151192981,
                        9.88998782473044,
                        55891.59211115766
                    ]
                },
                "definition_id": "safety_rail_a",
                "color": 16
            },
            {
                "id": 29,
                "transform": {
                    "m": [
                        0.8934441208839417,
                        0.0,
                        -0.44917428493499756,
                        0.0,
                        1.0,
                        0.0,
                        0.44917428493499756,
                        0.0,
                        0.8934441208839417
                    ],
                    "t": [
                        83951.56413797199,
                        9.88998782473044,
                        55890.675795540454
                    ]
                },
                "definition_id": "safety_rail_a",
                "color": 55
            },
            {
                "id": 30,
                "transform": {
                    "m": [
                        0.8934441208839417,
                        0.0,
                        -0.44917428493499756,
                        0.0,
                        1.0,
                        0.0,
                        0.44917428493499756,
                        0.0,
                        0.8934441208839417
                    ],
                    "t": [
                        83953.38676401418,
                        9.88998782473044,
                        55889.759479923254
                    ]
                },
                "definition_id": "safety_rail_a",
                "color": 82
            },
            {
                "id": 31,
                "transform": {
                    "m": [
                        0.8934441208839417,
                        0.0,
                        -0.44917428493499756,
                        0.0,
                        1.0,
                        0.0,
                        0.44917428493499756,
                        0.0,
                        0.8934441208839417
                    ],
                    "t": [
                        83955.20939005638,
                        9.88998782473044,
                        55888.84316430605
                    ]
                },
                "definition_id": "safety_rail_a",
                "color": 27
            },
            {
                "id": 32,
                "transform": {
                    "m": [
                        0.8934441208839417,
                        0.0,
                        -0.44917428493499756,
                        0.0,
                        1.0,
                        0.0,
                        0.44917428493499756,
                        0.0,
                        0.8934441208839417
                    ],
                    "t": [
                        83957.03201609856,
                        9.88998782473044,
                        55887.92684868885
                    ]
                },
                "definition_id": "safety_rail_a",
                "color": 80
            },
            {
                "id": 33,
                "transform": {
                    "m": [
                        -0.4491744041442871,
                        0.0,
                        -0.8934441804885864,
                        0.0,
                        1.0,
                        0.0,
                        0.8934441804885864,
                        0.0,
                        -0.4491744041442871
                    ],
                    "t": [
                        83949.54518820529,
                        9.889980171905744,
                        55898.040425860185
                    ]
                },
                "definition_id": "safety_rail_a",
                "color": 60
            },
            {
                "id": 34,
                "transform": {
                    "m": [
                        -0.4491744041442871,
                        0.0,
                        -0.8934441804885864,
                        0.0,
                        1.0,
                        0.0,
                        0.8934441804885864,
                        0.0,
                        -0.4491744041442871
                    ],
                    "t": [
                        83948.54504099877,
                        9.889980171905744,
                        55896.051051991206
                    ]
                },
                "definition_id": "safety_rail_a",
                "color": 65
            },
            {
                "id": 35,
                "transform": {
                    "m": [
                        -0.4491744041442871,
                        0.0,
                        -0.8934441804885864,
                        0.0,
                        1.0,
                        0.0,
                        0.8934441804885864,
                        0.0,
                        -0.4491744041442871
                    ],
                    "t": [
                        83947.54746416296,
                        9.889980171905744,
                        55894.066790797864
                    ]
                },
                "definition_id": "safety_rail_a",
                "color": 80
            },
            {
                "id": 36,
                "transform": {
                    "m": [
                        0.45399051904678345,
                        0.0,
                        0.8910064697265625,
                        -0.0,
                        1.0,
                        0.0,
                        -0.8910064697265625,
                        -0.0,
                        0.45399051904678345
                    ],
                    "t": [
                        83937.12126359656,
                        4.290001979120116,
                        55872.13186910991
                    ]
                },
                "definition_id": "dock_rail_a",
                "color": 72
            },
            {
                "id": 37,
                "transform": {
                    "m": [
                        0.45399051904678345,
                        0.0,
                        0.8910064697265625,
                        -0.0,
                        1.0,
                        0.0,
                        -0.8910064697265625,
                        -0.0,
                        0.45399051904678345
                    ],
                    "t": [
                        83939.94809468187,
                        4.290001979590592,
                        55877.6798376362
                    ]
                },
                "definition_id": "dock_rail_a",
                "color": 52
            },
            {
                "id": 38,
                "transform": {
                    "m": [
                        0.45399051904678345,
                        0.0,
                        0.8910064697265625,
                        -0.0,
                        1.0,
                        0.0,
                        -0.8910064697265625,
                        -0.0,
                        0.45399051904678345
                    ],
                    "t": [
                        83942.75112918302,
                        4.290001979408531,
                        55883.18110247171
                    ]
                },
                "definition_id": "dock_rail_a",
                "color": 10
            },
            {
                "id": 39,
                "transform": {
                    "m": [
                        0.45399051904678345,
                        0.0,
                        0.8910064697265625,
                        -0.0,
                        1.0,
                        0.0,
                        -0.8910064697265625,
                        -0.0,
                        0.45399051904678345
                    ],
                    "t": [
                        83945.51523465791,
                        4.290001978632437,
                        55888.60596500129
                    ]
                },
                "definition_id": "dock_rail_a",
                "color": 23
            },
            {
                "id": 40,
                "transform": {
                    "m": [
                        0.45399051904678345,
                        0.0,
                        0.8910064697265625,
                        -0.0,
                        1.0,
                        0.0,
                        -0.8910064697265625,
                        -0.0,
                        0.45399051904678345
                    ],
                    "t": [
                        83944.14867345155,
                        4.290013794472917,
                        55885.9239335331
                    ]
                },
                "definition_id": "mooring_bollard_a",
                "color": 49
            },
            {
                "id": 41,
                "transform": {
                    "m": [
                        0.45399051904678345,
                        0.0,
                        0.8910064697265625,
                        -0.0,
                        1.0,
                        0.0,
                        -0.8910064697265625,
                        -0.0,
                        0.45399051904678345
                    ],
                    "t": [
                        83941.35412312062,
                        4.290013794472917,
                        55880.439319695455
                    ]
                },
                "definition_id": "mooring_bollard_a",
                "color": 73
            },
            {
                "id": 42,
                "transform": {
                    "m": [
                        0.45399051904678345,
                        0.0,
                        0.8910064697265625,
                        -0.0,
                        1.0,
                        0.0,
                        -0.8910064697265625,
                        -0.0,
                        0.45399051904678345
                    ],
                    "t": [
                        83938.54841544866,
                        4.290013794472917,
                        55874.93280834305
                    ]
                },
                "definition_id": "mooring_bollard_a",
                "color": 31
            },
            {
                "id": 43,
                "transform": {
                    "m": [
                        0.45399051904678345,
                        0.0,
                        0.8910064697265625,
                        -0.0,
                        1.0,
                        0.0,
                        -0.8910064697265625,
                        -0.0,
                        0.45399051904678345
                    ],
                    "t": [
                        83935.72955822482,
                        4.290013794472917,
                        55869.400489542
                    ]
                },
                "definition_id": "mooring_bollard_a",
                "color": 41
            },
            {
                "id": 44,
                "transform": {
                    "m": [
                        0.45399051904678345,
                        0.0,
                        0.8910064697265625,
                        -0.0,
                        1.0,
                        0.0,
                        -0.8910064697265625,
                        -0.0,
                        0.45399051904678345
                    ],
                    "t": [
                        83946.96710273951,
                        4.290013794472917,
                        55891.45541246269
                    ]
                },
                "definition_id": "mooring_bollard_a"
            },
            {
                "id": 45,
                "transform": {
                    "m": [
                        -0.8922349214553833,
                        0.000012690104995272122,
                        0.4515720307826996,
                        0.000011322252248646691,
                        1.0,
                        -0.000005731089004257228,
                        -0.4515720307826996,
                        -6.646132533205673e-10,
                        -0.8922349214553833
                    ],
                    "t": [
                        83943.93478500923,
                        5.409986247387614,
                        55881.918979396956
                    ]
                },
                "definition_id": "container_b",
                "color": 18
            },
            {
                "id": 46,
                "transform": {
                    "m": [
                        0.8969445824623108,
                        -0.000011966792044404428,
                        -0.4421430230140686,
                        0.000010434540854475927,
                        1.0,
                        -0.000005897611117688939,
                        0.4421430230140686,
                        6.762709290342173e-7,
                        0.8969445824623108
                    ],
                    "t": [
                        83944.92019136107,
                        4.689993996340411,
                        55879.806770805415
                    ]
                },
                "definition_id": "pallet_goods_a",
                "color": 40
            },
            {
                "id": 47,
                "transform": {
                    "m": [
                        0.8989525437355042,
                        0.0,
                        -0.4380459785461426,
                        0.0,
                        1.0,
                        0.0,
                        0.4380459785461426,
                        0.0,
                        0.8989525437355042
                    ],
                    "t": [
                        83943.77095738854,
                        4.690001859568317,
                        55877.39862973198
                    ]
                },
                "definition_id": "pallet_goods_a",
                "color": 75
            },
            {
                "id": 48,
                "transform": {
                    "m": [
                        -0.9063078165054321,
                        0.0,
                        0.4226182699203491,
                        0.0,
                        1.0,
                        0.0,
                        -0.4226182699203491,
                        0.0,
                        -0.9063078165054321
                    ],
                    "t": [
                        83946.2702402726,
                        4.530001974891517,
                        55881.813004568554
                    ]
                },
                "definition_id": "cable_reel_b",
                "color": 20
            },
            {
                "id": 49,
                "transform": {
                    "m": [
                        -0.8980395793914795,
                        0.0,
                        0.4399148225784302,
                        0.0,
                        1.0,
                        0.0,
                        -0.4399148225784302,
                        0.0,
                        -0.8980395793914795
                    ],
                    "t": [
                        83947.18815116021,
                        4.529998915811259,
