{
    "loot_tier_generated_flags": 3,
    "definitions": {},
    "vehicles": {
        "vehicles": []
    },
    "actors": {
        "actors": [
            {
                "type": "zombie",
                "id": 49,
                "transform": {
                    "m": [
                        -0.8469804525375366,
                        0.0,
                        0.5316242575645447,
                        -0.0,
                        1.0,
                        0.0,
                        -0.5316242575645447,
                        -0.0,
                        -0.8469804525375366
                    ],
                    "t": [
                        84051.7396603214,
                        32.5088625754935,
                        56304.540285893825
                    ]
                },
                "orientation": [
                    0.009085216193463414,
                    0.0
                ],
                "definition_id": 1,
                "ai": {
                    "state_machine": {
                        "state": "idle",
                        "data": {
                            "cooldown": 62,
                            "target_sensor": {
                                "cooldown_check_proximity": 3,
                                "timer_check_sensed": 118,
                                "sense_delay": 300
                            }
                        }
                    },
                    "locomotion": {
                        "behaviour": {
                            "_type": "behaviour_wander",
                            "origin": [
                                84052.65439064651,
                                32.14674748434768,
                                56305.97209788288
                            ],
                            "radius": 50.0,
                            "cooldown": 483,
                            "state": "wander",
                            "target_move_pos": [
                                84043.1015625,
                                31.007171630859375,
                                56271.703125
                            ],
                            "is_target_move_pos_set": true,
                            "target_look_pos": [
                                84043.1015625,
                                31.007171630859375,
                                56271.703125
                            ]
                        },
                        "path_plan": [
                            {
                                "_type": "path_plan_waypoint",
                                "pos_prev": [
                                    84052.65625,
                                    32.14674758911133,
                                    56305.97265625
                                ],
                                "pos": [
                                    84045.73736944192,
                                    30.331878662109375,
                                    56295.14500065506
                                ],
                                "pos_next": [
                                    84044.71137671452,
                                    29.831878662109375,
                                    56293.08183275064
                                ]
                            },
                            {
                                "_type": "path_plan_waypoint",
                                "pos_prev": [
                                    84045.73736944192,
                                    30.331878662109375,
                                    56295.14500065506
                                ],
                                "pos": [
                                    84044.71137671452,
                                    29.831878662109375,
                                    56293.08183275064
                                ],
                                "pos_next": [
                                    84043.1015625,
                                    31.006855010986328,
                                    56271.703125
                                ]
                            },
                            {
                                "_type": "path_plan_waypoint",
                                "pos_prev": [
                                    84044.71137671452,
                                    29.831878662109375,
                                    56293.08183275064
                                ],
                                "pos": [
                                    84043.1015625,
                                    31.006855010986328,
                                    56271.703125
                                ],
                                "pos_next": [
                                    84043.1015625,
                                    31.006855010986328,
                                    56271.703125
                                ]
                            }
                        ],
                        "patrol_route_waypoints": []
                    }
                }
            }
        ]
    },
    "floor_items": {
        "items": [
            {
                "transform": {
                    "m": [
                        -0.8866873979568481,
                        -5.482716947113886e-9,
                        0.4623697102069855,
                        -2.3035027219009407e-9,
                        1.0,
                        7.440432714389544e-9,
                        -0.4623697102069855,
                        5.5322666447921165e-9,
                        -0.8866873979568481
                    ],
                    "t": [
                        83966.30959813872,
                        6.195999828377358,
                        55877.64892915082
                    ]
                },
                "item": {
                    "_type": "vehicle_editor_add_edge",
                    "id": 21,
                    "pattern": 25,
                    "is_loot": true,
                    "count": 50
                }
            },
            {
                "transform": {
                    "m": [
                        -0.8866876363754272,
                        -1.3656068276191036e-8,
                        0.46236932277679443,
                        -1.3675592214212884e-8,
                        1.0,
                        3.309242435634019e-9,
                        -0.46236932277679443,
                        -3.388909819435071e-9,
                        -0.8866876363754272
                    ],
                    "t": [
                        83967.45355191984,
                        6.170999846482631,
                        55877.05240566587
                    ]
                },
                "item": {
                    "_type": "vehicle_editor_electric",
                    "id": 22,
                    "pattern": 25,
                    "is_loot": true
                }
            },
            {
                "transform": {
                    "m": [
                        -0.8866873979568481,
                        -9.230567421525393e-9,
                        0.462369441986084,
                        -7.506575805393823e-9,
                        1.0,
                        5.568234318076293e-9,
                        -0.462369441986084,
                        1.4664718328560866e-9,
                        -0.8866873979568481
                    ],
                    "t": [
                        83968.26549093274,
                        6.185999868618064,
                        55876.62901382773
                    ]
                },
                "item": {
                    "_type": "vehicle_editor_duplicate",
                    "id": 23,
                    "pattern": 25,
                    "is_loot": true
                }
            },
            {
                "transform": {
                    "m": [
                        -0.8527809381484985,
                        -0.0000025954213924705982,
                        0.5222691893577576,
                        -0.000002213439074694179,
                        1.0,
                        0.0000013553230928664561,
                        -0.5222691893577576,
                        -2.1742607714259066e-10,
                        -0.8527809381484985
                    ],
                    "t": [
                        83967.12647052252,
                        4.355999807622814,
                        55876.96601172033
                    ]
                },
                "item": {
                    "_type": "vehicle_editor_add_edge",
                    "id": 30,
                    "pattern": 25,
                    "is_loot": true,
                    "count": 50
                }
            },
            {
                "transform": {
                    "m": [
                        0.5218931436538696,
                        -4.4091819972891244e-7,
                        0.853010892868042,
                        8.552529493499605e-7,
                        1.0,
                        -6.368509275489487e-9,
                        -0.853010892868042,
                        7.32863725261268e-7,
                        0.5218931436538696
                    ],
                    "t": [
                        83967.9623969588,
                        4.330999916344839,
                        55877.150337237224
                    ]
                },
                "item": {
                    "_type": "vehicle_editor_electric",
                    "id": 31,
                    "pattern": 25,
                    "is_loot": true
                }
            },
            {
                "transform": {
                    "m": [
                        -0.8833355903625488,
                        1.1167283986424081e-8,
                        0.4687415361404419,
                        4.815170040473049e-9,
                        1.0,
                        -1.4749867105479098e-8,
                        -0.4687415361404419,
                        -1.0772009062520738e-8,
                        -0.8833355903625488
                    ],
                    "t": [
                        83966.37641230549,
                        4.345999897002513,
                        55877.278839042934
                    ]
                },
                "item": {
                    "_type": "vehicle_editor_duplicate",
                    "id": 32,
                    "pattern": 25,
                    "is_loot": true
                }
            },
            {
                "transform": {
                    "m": [
                        -0.88706374168396,
                        -2.7664053270370914e-9,
                        0.4616471529006958,
                        -2.236531404520292e-9,
                        1.0,
                        1.6949304182389824e-9,
                        -0.4616471529006958,
                        4.710229428717128e-10,
                        -0.88706374168396
                    ],
                    "t": [
                        83966.80129333728,
                        5.235999611640393,
                        55872.04178331009
                    ]
                },
                "item": {
                    "_type": "vehicle_editor_add_edge",
                    "id": 33,
                    "pattern": 25,
                    "is_loot": true,
                    "count": 50
                }
            },
            {
                "transform": {
                    "m": [
                        -0.8878014087677002,
                        2.588276482029528e-9,
                        0.4602273404598236,
                        1.7211163605423963e-9,
                        1.0,
                        -2.3037909357981334e-9,
                        -0.4602273404598236,
                        -1.2532034299184147e-9,
                        -0.8878014087677002
                    ],
                    "t": [
                        83967.92695174462,
                        5.22599960608351,
                        55871.465443914
                    ]
                },
                "item": {
                    "_type": "vehicle_editor_mechanical",
                    "id": 34,
                    "pattern": 25,
                    "is_loot": true
                }
            },
            {
                "transform": {
                    "m": [
                        -0.8866920471191406,
                        3.039318485775766e-8,
                        0.46236100792884827,
                        2.4800103304301047e-8,
                        1.0,
                        -1.8174407756532673e-8,
                        -0.46236100792884827,
                        -4.648498919124222e-9,
                        -0.8866920471191406
                    ],
                    "t": [
                        83969.12591375814,
                        6.211000081548252,
                        55876.180338781865
                    ]
                },
                "item": {
                    "_type": "battery_cell",
                    "id": 46,
                    "is_loot": true
                }
            },
            {
                "transform": {
                    "m": [
                        -0.8866876363754272,
                        2.6680981868310027e-9,
                        0.4623693525791168,
                        3.475634446914455e-9,
                        1.0,
                        8.947467211584126e-10,
                        -0.4623693525791168,
                        2.4003874443678797e-9,
                        -0.8866876363754272
                    ],
                    "t": [
                        83970.31366434747,
                        6.251000037820279,
                        55875.56097807851
                    ]
                },
                "item": {
                    "_type": "vehicle_editor_add_component",
                    "id": 47,
                    "is_loot": true,
                    "component_def": "button_push_round"
                }
            },
            {
                "transform": {
                    "m": [
                        -0.8866876363754272,
                        2.4402151410640727e-9,
                        0.4623693525791168,
                        4.516424567668764e-9,
                        1.0,
                        3.3835325652376014e-9,
                        -0.4623693525791168,
                        5.0883919300304115e-9,
                        -0.8866876363754272
                    ],
                    "t": [
                        83971.14082255904,
                        6.251000037902923,
                        55875.12965007378
                    ]
                },
                "item": {
                    "_type": "vehicle_editor_add_component",
                    "id": 48,
                    "is_loot": true,
                    "component_def": "square_button_square"
                }
            },
            {
                "transform": {
                    "m": [
                        -0.8772610425949097,
                        -0.0000022650770006293897,
                        0.48001402616500854,
                        -0.0000019645594875328243,
                        1.0,
                        0.00000112839620669547,
                        -0.48001402616500854,
                        4.6881893922545714e-8,
                        -0.8772610425949097
                    ],
                    "t": [
                        83970.259314689,
                        4.41099999372657,
                        55876.011805558584
                    ]
                },
                "item": {
                    "_type": "vehicle_editor_add_component",
                    "id": 59,
                    "is_loot": true,
                    "component_def": "button_push_round_off"
                }
            },
            {
                "transform": {
                    "m": [
                        -0.8674935102462769,
                        -0.0000019465542209218256,
                        0.49744912981987,
                        -0.000002049961949524004,
                        1.0,
                        3.3817747180364677e-7,
                        -0.49744912981987,
                        -7.263849397531885e-7,
                        -0.8674935102462769
                    ],
                    "t": [
                        83970.01028217406,
                        4.410987407698116,
                        55875.52312961755
                    ]
                },
                "item": {
                    "_type": "vehicle_editor_add_component",
                    "id": 60,
                    "is_loot": true,
                    "component_def": "round_button_arrows"
                }
            },
            {
                "transform": {
                    "m": [
                        -0.8658915758132935,
                        -4.050702102631476e-7,
                        0.5002317428588867,
                        -1.1239151831432537e-7,
                        1.0,
                        6.152175728857401e-7,
                        -0.5002317428588867,
                        4.764898733355949e-7,
                        -0.8658915758132935
                    ],
                    "t": [
                        83969.47039590683,
                        4.411000138455442,
                        55876.354074803254
                    ]
                },
                "item": {
                    "_type": "vehicle_editor_add_component",
                    "id": 61,
                    "is_loot": true,
                    "component_def": "mounting_pin"
                }
            },
            {
                "transform": {
                    "m": [
                        -0.8481752872467041,
                        -6.796664138164488e-7,
                        0.5297160148620605,
                        -5.709403012588155e-7,
                        1.0,
                        3.6889400689688046e-7,
                        -0.5297160148620605,
                        1.0450534659867117e-8,
                        -0.8481752872467041
                    ],
                    "t": [
                        83969.2107011668,
                        4.411000022684334,
                        55875.854822171415
                    ]
                },
                "item": {
                    "_type": "vehicle_editor_add_component",
                    "id": 62,
                    "is_loot": true,
                    "component_def": "junction_x_liquid_pipe_a"
                }
            },
            {
                "transform": {
                    "m": [
                        -0.8666914701461792,
                        -4.947533494004119e-9,
                        0.49884483218193054,
                        -2.0222268304337376e-9,
                        1.0,
                        6.404571539775361e-9,
                        -0.49884483218193054,
                        4.542008991137436e-9,
                        -0.8666914701461792
                    ],
                    "t": [
                        83968.72758194065,
                        5.290999821116528,
                        55876.024117634755
                    ]
                },
                "item": {
                    "_type": "vehicle_editor_add_component",
                    "id": 63,
                    "is_loot": true,
                    "component_def": "gas_bracket"
                }
            },
            {
                "transform": {
                    "m": [
                        -0.8914481401443481,
                        -1.3634194218070661e-8,
                        0.4531232416629791,
                        -1.5213188930829347e-8,
                        1.0,
                        1.598425836135675e-10,
                        -0.4531232416629791,
                        -6.750957126655521e-9,
                        -0.8914481401443481
                    ],
                    "t": [
                        83966.64769838391,
                        4.335999898278033,
                        55877.837972437694
                    ]
                },
                "item": {
                    "_type": "vehicle_editor_repair",
                    "id": 64,
                    "is_loot": true
                }
            },
            {
                "transform": {
                    "m": [
                        -0.4123777151107788,
                        -2.8275604080363337e-10,
                        -0.911013126373291,
                        5.6326725506039566e-9,
                        1.0,
                        -2.860051306896594e-9,
                        0.911013126373291,
                        -6.310858946534381e-9,
                        -0.4123777151107788
                    ],
                    "t": [
                        83966.1138793135,
                        4.4110000640986415,
                        55878.0869795304
                    ]
                },
                "item": {
                    "_type": "vehicle_editor_add_component",
                    "id": 65,
                    "is_loot": true,
                    "component_def": "turnable_knob_b"
                }
            },
            {
                "transform": {
                    "m": [
                        -0.8614567518234253,
                        1.8399171075600407e-10,
                        0.507831335067749,
                        2.2657882237098192e-9,
                        1.0,
                        3.48124773452696e-9,
                        -0.507831335067749,
                        4.149581567247651e-9,
                        -0.8614567518234253
                    ],
                    "t": [
                        83965.91949227577,
                        5.290999821012205,
                        55877.5643451678
                    ]
                },
                "item": {
                    "_type": "vehicle_editor_add_component",
                    "id": 66,
                    "is_loot": true,
                    "component_def": "round_button_square"
                }
            },
            {
                "transform": {
                    "m": [
                        0.44418948888778687,
                        -1.4316230423361276e-9,
                        0.8959329128265381,
                        1.061603027707747e-9,
                        1.0,
                        1.0715870413235962e-9,
                        -0.8959329128265381,
                        4.751372628675199e-10,
                        0.44418948888778687
                    ],
                    "t": [
                        83965.59195475047,
                        5.290999821129964,
                        55878.36083028497
                    ]
                },
                "item": {
                    "_type": "vehicle_editor_add_component",
                    "id": 67,
                    "is_loot": true,
                    "component_def": "junction_t_liquid_pipe_a"
                }
            },
            {
                "transform": {
                    "m": [
                        -0.8814535140991211,
                        -7.825073033984609e-9,
                        0.47227102518081665,
                        -4.3473651345493636e-9,
                        1.0,
                        8.455047328936871e-9,
                        -0.47227102518081665,
                        5.39959632561704e-9,
                        -0.8814535140991211
                    ],
                    "t": [
                        83964.81224010893,
                        4.4110000641937885,
                        55878.75465691991
                    ]
                },
                "item": {
                    "_type": "vehicle_editor_add_component",
                    "id": 68,
                    "is_loot": true,
                    "component_def": "gas_bracket"
                }
            },
            {
                "transform": {
                    "m": [
                        -0.8918168544769287,
                        1.0198701438923763e-8,
                        0.45239707827568054,
                        -1.3283862898560983e-9,
                        1.0,
                        -2.5162362859987297e-8,
                        -0.45239707827568054,
                        -2.3041172525495313e-8,
                        -0.8918168544769287
                    ],
                    "t": [
                        83968.3407949754,
                        5.315999697709623,
                        55871.25105645593
                    ]
                },
                "item": {
                    "_type": "wheel_van",
                    "id": 69,
                    "is_loot": true
                }
            },
            {
                "transform": {
                    "m": [
                        -0.8957633972167969,
                        1.4716889928934052e-8,
                        0.4445314109325409,
                        1.548827732733571e-8,
                        1.0,
                        -1.896513168730962e-9,
                        -0.4445314109325409,
                        5.186198137607789e-9,
                        -0.8957633972167969
                    ],
                    "t": [
                        83969.0550210697,
                        5.215999655124253,
                        55870.87007681482
                    ]
                },
                "item": {
                    "_type": "vehicle_editor_repair",
                    "id": 70,
                    "is_loot": true
                }
            },
            {
                "transform": {
                    "m": [
                        -0.4491802453994751,
                        3.614918364647224e-10,
                        -0.8934412002563477,
                        2.5580191298502086e-9,
                        1.0,
                        -8.814453611449835e-10,
                        0.8934412002563477,
                        -2.6813673503767177e-9,
                        -0.4491802453994751
                    ],
                    "t": [
                        83969.27896043505,
                        5.290999820989755,
                        55871.451388762
                    ]
                },
                "item": {
                    "_type": "vehicle_editor_add_component",
                    "id": 71,
                    "is_loot": true,
                    "component_def": "turnable_knob_c"
                }
            },
            {
                "transform": {
                    "m": [
                        -0.9092119932174683,
                        -4.0305914161820056e-10,
                        0.41633376479148865,
                        -9.123135580324515e-11,
                        1.0,
                        7.68879626633634e-10,
                        -0.41633376479148865,
                        6.610917369087588e-10,
                        -0.9092119932174683
                    ],
                    "t": [
                        83967.28551311132,
                        5.2909998209247835,
                        55871.75567605591
                    ]
                },
                "item": {
                    "_type": "vehicle_editor_add_component",
                    "id": 121,
                    "is_loot": true,
                    "component_def": "additive_button_a"
                }
            }
        ]
    },
    "creative_domes": {
        "domes": []
    },
    "props": {
        "props": [
            {
                "id": 58,
                "transform": {
                    "m": [
                        -0.8910064697265625,
                        0.0,
                        0.45399048924446106,
                        0.0,
                        1.0,
                        0.0,
                        -0.45399048924446106,
                        0.0,
                        -0.8910064697265625
                    ],
                    "t": [
                        83958.50440395174,
                        5.010001876980222,
                        55885.90074780661
                    ]
                },
                "definition_id": "dumpster_a",
                "color": 53
            },
            {
                "id": 59,
                "transform": {
                    "m": [
                        -0.4491744041442871,
                        -0.0000011575634744076524,
                        -0.8934441804885864,
                        -0.000004070761860930361,
                        1.0,
                        7.509345323342131e-7,
                        0.8934441804885864,
                        0.0000039742990338709205,
                        -0.4491744041442871
                    ],
                    "t": [
                        83951.5508928339,
                        9.889978646011617,
                        55902.02993251566
                    ]
                },
                "definition_id": "safety_rail_a",
                "color": 23
            },
            {
                "id": 60,
                "transform": {
                    "m": [
                        -0.4491744041442871,
                        0.0,
                        -0.8934441804885864,
                        0.0,
                        1.0,
                        0.0,
                        0.8934441804885864,
                        0.0,
                        -0.4491744041442871
                    ],
                    "t": [
                        83950.55136965563,
                        9.889978646026005,
                        55900.041804058616
                    ]
                },
                "definition_id": "safety_rail_a",
                "color": 84
            },
            {
                "id": 61,
                "transform": {
                    "m": [
                        0.8934441208839417,
                        0.000002329220023966627,
                        -0.44917434453964233,
                        -3.1278170808946015e-7,
                        1.0,
                        0.00000456341149401851,
                        0.44917434453964233,
                        -0.000003936659595638048,
                        0.8934441208839417
                    ],
                    "t": [
                        83953.03289744095,
                        9.889978699474373,
                        55902.666366947466
                    ]
                },
                "definition_id": "safety_rail_a",
                "color": 11
            },
            {
                "id": 62,
                "transform": {
                    "m": [
                        0.8934441208839417,
                        0.0000011434838143031811,
                        -0.44917434453964233,
                        8.398380941798678e-7,
                        1.0,
                        0.0000042162523641309235,
                        0.44917434453964233,
                        -0.000004144219474255806,
                        0.8934441208839417
                    ],
                    "t": [
                        83954.85551523621,
                        9.88997869929646,
                        55901.75004600345
                    ]
                },
                "definition_id": "safety_rail_a",
                "color": 27
            },
            {
                "id": 63,
                "transform": {
                    "m": [
                        0.8934441208839417,
                        0.0,
                        -0.44917428493499756,
                        0.0,
                        1.0,
                        0.0,
                        0.44917428493499756,
                        0.0,
                        0.8934441208839417
                    ],
                    "t": [
                        83956.67814594293,
                        9.88997869944517,
                        55900.833735867884
                    ]
                },
                "definition_id": "safety_rail_a",
                "color": 20
            },
            {
                "id": 64,
                "transform": {
                    "m": [
                        0.8934441208839417,
                        0.0,
                        -0.44917428493499756,
                        0.0,
                        1.0,
                        0.0,
                        0.44917428493499756,
                        0.0,
                        0.8934441208839417
                    ],
                    "t": [
                        83958.50077017177,
                        9.88997869944517,
                        55899.917420784855
                    ]
                },
                "definition_id": "safety_rail_a",
                "color": 33
            },
            {
                "id": 65,
                "transform": {
                    "m": [
                        0.8934441208839417,
                        0.0,
                        -0.44917428493499756,
                        0.0,
                        1.0,
                        0.0,
                        0.44917428493499756,
                        0.0,
                        0.8934441208839417
                    ],
                    "t": [
                        83960.32339454371,
                        9.88997869944517,
                        55899.00110565965
                    ]
                },
                "definition_id": "safety_rail_a",
                "color": 4
            },
            {
                "id": 66,
                "transform": {
                    "m": [
                        0.8934441208839417,
                        -0.000001032123577715538,
                        -0.44917434453964233,
                        -9.788233228391618e-7,
                        1.0,
                        -0.000004244782758178189,
                        0.44917434453964233,
                        0.000004232138962834142,
                        0.8934441208839417
                    ],
                    "t": [
                        83962.14602618048,
                        9.889978699333977,
                        55898.08479419867
                    ]
                },
                "definition_id": "safety_rail_a",
                "color": 39
            },
            {
                "id": 67,
                "transform": {
                    "m": [
                        0.8934441208839417,
                        -0.0000011680662055368884,
                        -0.44917434453964233,
                        -8.163082156897872e-7,
                        1.0,
                        -0.000004224177246214822,
                        0.44917434453964233,
                        0.000004140731107327156,
                        0.8934441208839417
                    ],
                    "t": [
                        83963.96865039038,
                        9.889978699471403,
                        55897.16847376376
                    ]
                },
                "definition_id": "safety_rail_a",
                "color": 38
            },
            {
                "id": 68,
                "transform": {
                    "m": [
                        0.8934441208839417,
                        0.000003622880512921256,
                        -0.44917434453964233,
                        -0.000004640714905690402,
                        1.0,
                        -0.0000011651127351797186,
                        0.44917434453964233,
                        0.0000031254530767910182,
                        0.8934441208839417
                    ],
                    "t": [
                        83965.79128040028,
                        9.889978699430142,
                        55896.252154850714
                    ]
                },
                "definition_id": "safety_rail_a",
                "color": 35
            },
            {
                "id": 69,
                "transform": {
                    "m": [
                        0.8934441208839417,
                        -0.0000018730761439655907,
                        -0.44917434453964233,
                        0.000002429650521662552,
                        1.0,
                        6.627292918892635e-7,
                        0.44917434453964233,
                        -0.0000016834483176353388,
                        0.8934441208839417
                    ],
                    "t": [
                        83967.61389277679,
                        9.889978699436849,
                        55895.33584590013
                    ]
                },
                "definition_id": "safety_rail_a",
                "color": 41
            },
            {
                "id": 70,
                "transform": {
                    "m": [
                        0.8934441208839417,
                        0.0,
                        -0.44917428493499756,
                        0.0,
                        1.0,
                        0.0,
                        0.44917428493499756,
                        0.0,
                        0.8934441208839417
                    ],
                    "t": [
                        83969.43652349006,
                        9.88997869944517,
                        55894.41952794615
                    ]
                },
                "definition_id": "safety_rail_a",
                "color": 79
            },
            {
                "id": 71,
                "transform": {
                    "m": [
                        0.8934441208839417,
                        0.0,
                        -0.44917428493499756,
                        0.0,
                        1.0,
                        0.0,
                        0.44917428493499756,
                        0.0,
                        0.8934441208839417
                    ],
                    "t": [
                        83971.25914774272,
                        9.88997869944517,
                        55893.503212856085
                    ]
                },
                "definition_id": "safety_rail_a",
                "color": 35
            },
            {
                "id": 72,
                "transform": {
                    "m": [
                        0.8934441208839417,
                        -0.000001103388967749197,
                        -0.44917434453964233,
                        -8.909087796382664e-7,
                        1.0,
                        -0.00000422857237936114,
                        0.44917434453964233,
                        0.00000417816636399948,
                        0.8934441208839417
                    ],
                    "t": [
                        83973.08177879055,
                        9.889978699394181,
                        55892.58690054106
                    ]
                },
                "definition_id": "safety_rail_a",
                "color": 72
            },
            {
                "id": 73,
                "transform": {
                    "m": [
                        0.8934441208839417,
