{
    "loot_tier_generated_flags": 3,
    "definitions": {},
    "vehicles": {
        "vehicles": []
    },
    "actors": {
        "actors": [
            {
                "type": "zombie",
                "id": 36,
                "transform": {
                    "m": [
                        0.8847398161888123,
                        0.0,
                        -0.4660852253437042,
                        0.0,
                        1.0,
                        0.0,
                        0.4660852253437042,
                        0.0,
                        0.8847398161888123
                    ],
                    "t": [
                        84267.62305806203,
                        33.691109634102524,
                        56158.08382172226
                    ]
                },
                "is_sleeping": true,
                "definition_id": 2,
                "mesh_variant": 20,
                "ai": {
                    "state_machine": {
                        "state": "sleep",
                        "data": {
                            "target_sensor": {
                                "cooldown_check_proximity": 5,
                                "timer_check_sensed": 38,
                                "sense_delay": 50
                            }
                        }
                    },
                    "locomotion": {
                        "behaviour": {
                            "_type": "behaviour_base"
                        },
                        "path_plan": [],
                        "patrol_route_waypoints": []
                    }
                }
            },
            {
                "type": "zombie",
                "id": 37,
                "transform": {
                    "m": [
                        0.35029488801956177,
                        -6.0710715388268e-7,
                        0.9366394877433777,
                        3.120550218227436e-7,
                        1.0,
                        5.314701070346928e-7,
                        -0.9366394877433777,
                        1.0611182688080589e-7,
                        0.35029488801956177
                    ],
                    "t": [
                        84266.81996523737,
                        33.69110963079162,
                        56162.86166368555
                    ]
                },
                "orientation": [
                    -0.5301556783020165,
                    1.84297022087776e-14
                ],
                "definition_id": 1,
                "mesh_variant": 23,
                "ai": {
                    "state_machine": {
                        "state": "idle",
                        "data": {
                            "cooldown": 84,
                            "target_sensor": {
                                "cooldown_check_proximity": 2,
                                "timer_check_sensed": 37,
                                "sense_delay": 50
                            }
                        }
                    },
                    "locomotion": {
                        "behaviour": {
                            "_type": "behaviour_wander",
                            "origin": [
                                84267.67777418415,
                                33.236256511189595,
                                56162.42927922839
                            ],
                            "radius": 50.0,
                            "cooldown": 94,
                            "target_move_pos": [
                                84224.0,
                                32.64616775512695,
                                56161.53515625
                            ],
                            "target_look_pos": [
                                84265.83476699395,
                                33.69111002933175,
                                56162.69024472589
                            ],
                            "is_target_look_pos_set": true
                        },
                        "path_plan": [],
                        "patrol_route_waypoints": []
                    }
                }
            },
            {
                "type": "creature",
                "id": 40,
                "transform": {
                    "m": [
                        0.3158186674118042,
                        0.0,
                        -0.948819637298584,
                        0.0,
                        1.0,
                        0.0,
                        0.948819637298584,
                        0.0,
                        0.3158186674118042
                    ],
                    "t": [
                        84420.42065844365,
                        32.677671747712076,
                        55945.05183877537
                    ]
                },
                "orientation": [
                    0.00002649550913125758,
                    -0.024762167369130283
                ],
                "definition_id": 7,
                "ai": {
                    "state_machine": {
                        "state": {
                            "_type": "idle",
                            "cooldown": 62,
                            "vocalize_cooldown": 542,
                            "target_sensor": {
                                "cooldown_check_proximity": 5,
                                "timer_check_sensed": 175,
                                "sense_delay": 300
                            }
                        }
                    },
                    "locomotion": {
                        "behaviour": {
                            "_type": "behaviour_wander",
                            "origin": [
                                84405.57367064344,
                                32.69969053441612,
                                55940.42909823882
                            ],
                            "radius": 50.0,
                            "cooldown": 3,
                            "state": "wander",
                            "target_move_pos": [
                                84446.34375,
                                32.000328063964844,
                                55953.6796875
                            ],
                            "is_target_move_pos_set": true,
                            "target_look_pos": [
                                84446.34375,
                                32.000328063964844,
                                55953.6796875
                            ]
                        },
                        "path_plan": [
                            {
                                "_type": "path_plan_waypoint",
                                "pos_prev": [
                                    84417.421875,
                                    32.677669525146484,
                                    55944.0546875
                                ],
                                "pos": [
                                    84446.34375,
                                    32.000328063964844,
                                    55953.6796875
                                ],
                                "pos_next": [
                                    84446.34375,
                                    32.000328063964844,
                                    55953.6796875
                                ]
                            }
                        ],
                        "patrol_route_waypoints": []
                    }
                }
            },
            {
                "type": "zombie",
                "id": 43,
                "transform": {
                    "m": [
                        -0.18454349040985107,
                        0.0,
                        0.982824444770813,
                        -0.0,
                        1.0,
                        0.0,
                        -0.982824444770813,
                        -0.0,
                        -0.18454349040985107
                    ],
                    "t": [
                        84331.92585068375,
                        33.64412781437595,
                        56015.22107722079
                    ]
                },
                "orientation": [
                    0.4771571552248409,
                    9.45810110453138e-7
                ],
                "definition_id": 1,
                "mesh_variant": 5,
                "ai": {
                    "state_machine": {
                        "state": "idle",
                        "data": {
                            "cooldown": 2,
                            "target_sensor": {
                                "cooldown_check_proximity": 6,
                                "timer_check_sensed": 175,
                                "sense_delay": 300
                            }
                        }
                    },
                    "locomotion": {
                        "behaviour": {
                            "_type": "behaviour_wander",
                            "origin": [
                                84337.90972906735,
                                33.14913156923162,
                                56016.344637637856
                            ],
                            "radius": 50.0,
                            "cooldown": 3,
                            "target_move_pos": [
                                84224.0,
                                40.93431091308594,
                                56004.02734375
                            ],
                            "target_look_pos": [
                                84330.96805104233,
                                33.64412876018615,
                                56015.508514233035
                            ],
                            "is_target_look_pos_set": true
                        },
                        "path_plan": [],
                        "patrol_route_waypoints": []
                    }
                }
            },
            {
                "type": "zombie",
                "id": 48,
                "transform": {
                    "m": [
                        -0.9489107131958008,
                        0.0,
                        -0.31554529070854187,
                        0.0,
                        1.0,
                        0.0,
                        0.31554529070854187,
                        0.0,
                        -0.9489107131958008
                    ],
                    "t": [
                        84235.9523920441,
                        33.29085686489625,
                        55905.30275642394
                    ]
                },
                "orientation": [
                    -0.000007403793056136353,
                    0.0
                ],
                "definition_id": 1,
                "mesh_variant": 11,
                "ai": {
                    "state_machine": {
                        "state": "idle",
                        "data": {
                            "cooldown": 2,
                            "target_sensor": {
                                "cooldown_check_proximity": 2,
                                "timer_check_sensed": 297,
                                "sense_delay": 300
                            }
                        }
                    },
                    "locomotion": {
                        "behaviour": {
                            "_type": "behaviour_wander",
                            "origin": [
                                84233.1869419027,
                                32.88457376435863,
                                55913.61891713493
                            ],
                            "radius": 50.0,
                            "cooldown": 3,
                            "state": "wander",
                            "target_move_pos": [
                                84254.7421875,
                                32.001007080078125,
                                55874.8359375
                            ],
                            "is_target_move_pos_set": true,
                            "target_look_pos": [
                                84254.7421875,
                                32.001007080078125,
                                55874.8359375
                            ]
                        },
                        "path_plan": [
                            {
                                "_type": "path_plan_waypoint",
                                "pos_prev": [
                                    84235.40625,
                                    33.301185607910156,
                                    55906.9375
                                ],
                                "pos": [
                                    84243.76249669732,
                                    32.001007080078125,
                                    55881.81671830092
                                ],
                                "pos_next": [
                                    84254.7421875,
                                    32.00107955932617,
                                    55874.8359375
                                ]
                            },
                            {
                                "_type": "path_plan_waypoint",
                                "pos_prev": [
                                    84243.76249669732,
                                    32.001007080078125,
                                    55881.81671830092
                                ],
                                "pos": [
                                    84254.7421875,
                                    32.00107955932617,
                                    55874.8359375
                                ],
                                "pos_next": [
                                    84254.7421875,
                                    32.00107955932617,
                                    55874.8359375
                                ]
                            }
                        ],
                        "patrol_route_waypoints": []
                    }
                }
            },
            {
                "type": "zombie",
                "id": 52,
                "transform": {
                    "m": [
                        -0.23945915699005127,
                        0.0,
                        0.9709065556526184,
                        -0.0,
                        1.0,
                        0.0,
                        -0.9709065556526184,
                        -0.0,
                        -0.23945915699005127
                    ],
                    "t": [
                        84292.65858406393,
                        33.611607344072375,
                        56057.60914688255
                    ]
                },
                "orientation": [
                    -0.0010431153740306425,
                    0.0
                ],
                "definition_id": 1,
                "mesh_variant": 20,
                "ai": {
                    "state_machine": {
                        "state": "idle",
                        "data": {
                            "cooldown": 62,
                            "target_sensor": {
                                "cooldown_check_proximity": 10,
                                "timer_check_sensed": 118,
                                "sense_delay": 300
                            }
                        }
                    },
                    "locomotion": {
                        "behaviour": {
                            "_type": "behaviour_wander",
                            "origin": [
                                84294.47841475095,
                                33.15593525161764,
                                56058.05992348504
                            ],
                            "radius": 50.0,
                            "cooldown": 483,
                            "state": "wander",
                            "target_move_pos": [
                                84274.7890625,
                                35.85872268676758,
                                56040.5390625
                            ],
                            "is_target_move_pos_set": true,
                            "target_look_pos": [
                                84274.7890625,
                                35.85872268676758,
                                56040.5390625
                            ]
                        },
                        "path_plan": [
                            {
                                "_type": "path_plan_waypoint",
                                "pos_prev": [
                                    84294.4765625,
                                    33.15593338012695,
                                    56058.05859375
                                ],
                                "pos": [
                                    84267.36307399505,
                                    35.20100402832031,
                                    56051.34338575102
                                ],
                                "pos_next": [
                                    84266.37187843962,
                                    35.79600524902344,
                                    56050.06887592179
                                ]
                            },
                            {
                                "_type": "path_plan_waypoint",
                                "pos_prev": [
                                    84267.36307399505,
                                    35.20100402832031,
                                    56051.34338575102
                                ],
                                "pos": [
                                    84266.37187843962,
                                    35.79600524902344,
                                    56050.06887592179
                                ],
                                "pos_next": [
                                    84274.7890625,
                                    35.858882904052734,
                                    56040.5390625
                                ]
                            },
                            {
                                "_type": "path_plan_waypoint",
                                "pos_prev": [
                                    84266.37187843962,
                                    35.79600524902344,
                                    56050.06887592179
                                ],
                                "pos": [
                                    84274.7890625,
                                    35.858882904052734,
                                    56040.5390625
                                ],
                                "pos_next": [
                                    84274.7890625,
                                    35.858882904052734,
                                    56040.5390625
                                ]
                            }
                        ],
                        "patrol_route_waypoints": []
                    }
                }
            }
        ]
    },
    "floor_items": {
        "items": [
            {
                "transform": {
                    "m": [
                        -0.9017196893692017,
                        1.2311640595896733e-8,
                        0.4323214292526245,
                        1.5724104684977647e-8,
                        1.0,
                        4.318762236721341e-9,
                        -0.4323214292526245,
                        1.069217958615809e-8,
                        -0.9017196893692017
                    ],
                    "t": [
                        83977.8342100301,
                        6.1959998287021465,
                        55871.76249395333
                    ]
                },
                "item": {
                    "_type": "vehicle_editor_add_edge",
                    "id": 24,
                    "pattern": 25,
                    "is_loot": true,
                    "count": 50
                }
            },
            {
                "transform": {
                    "m": [
                        -0.9078515768051147,
                        2.7719190498487478e-8,
                        0.4192918837070465,
                        2.4434081424828946e-8,
                        1.0,
                        -1.320481857192135e-8,
                        -0.4192918837070465,
                        -1.7430026311160418e-9,
                        -0.9078515768051147
                    ],
                    "t": [
                        83978.04330020864,
                        4.330999641513703,
                        55872.05446325549
                    ]
                },
                "item": {
                    "_type": "vehicle_editor_electric",
                    "id": 25,
                    "pattern": 25,
                    "is_loot": true
                }
            },
            {
                "transform": {
                    "m": [
                        -0.908521294593811,
                        -5.507206424226752e-7,
                        0.4178391396999359,
                        -3.130460015654535e-7,
                        1.0,
                        6.373548444571497e-7,
                        -0.4178391396999359,
                        4.482474480482779e-7,
                        -0.908521294593811
                    ],
                    "t": [
                        83977.8286593582,
                        4.345999745236783,
                        55871.59283061215
                    ]
                },
                "item": {
                    "_type": "vehicle_editor_duplicate",
                    "id": 26,
                    "pattern": 25,
                    "is_loot": true
                }
            },
            {
                "transform": {
                    "m": [
                        -0.8795572519302368,
                        1.2947539573815448e-7,
                        0.47579333186149597,
                        -4.3976922370347893e-7,
                        1.0,
                        -0.0000010850878879864467,
                        -0.47579333186149597,
                        -0.0000011636359431577148,
                        -0.8795572519302368
                    ],
                    "t": [
                        83973.02554417566,
                        4.355999851911651,
                        55874.51575437862
                    ]
                },
                "item": {
                    "_type": "vehicle_editor_add_edge",
                    "id": 27,
                    "pattern": 25,
                    "is_loot": true,
                    "count": 50
                }
            },
            {
                "transform": {
                    "m": [
                        -0.8870571851730347,
                        9.25459531231354e-9,
                        0.46165981888771057,
                        5.849159379067714e-9,
                        1.0,
                        -8.807475637695461e-9,
                        -0.46165981888771057,
                        -5.1124122713019915e-9,
                        -0.8870571851730347
                    ],
                    "t": [
                        83971.67640910247,
                        5.210999629590528,
                        55874.561009524085
                    ]
                },
                "item": {
                    "_type": "vehicle_editor_electric",
                    "id": 28,
                    "pattern": 25,
                    "is_loot": true
                }
            },
            {
                "transform": {
                    "m": [
                        -0.8892627954483032,
                        1.2620078848613048e-7,
                        0.4573967754840851,
                        1.0077474144054577e-7,
                        1.0,
                        -7.998650630725024e-8,
                        -0.4573967754840851,
                        -2.5034983863747584e-8,
                        -0.8892627954483032
                    ],
                    "t": [
                        83972.40248411613,
                        4.346000047451334,
                        55874.92386667997
                    ]
                },
                "item": {
                    "_type": "vehicle_editor_duplicate",
                    "id": 29,
                    "pattern": 25,
                    "is_loot": true
                }
            },
            {
                "transform": {
                    "m": [
                        -0.8866876363754272,
                        3.6638869715943656e-9,
                        0.4623693525791168,
                        5.238342204449964e-9,
                        1.0,
                        2.121432807200563e-9,
                        -0.4623693525791168,
                        4.30309610166546e-9,
                        -0.8866876363754272
                    ],
                    "t": [
                        83971.97614453305,
                        6.251000038085527,
                        55874.69406501269
                    ]
                },
                "item": {
                    "_type": "vehicle_editor_add_component",
                    "id": 49,
                    "is_loot": true,
                    "component_def": "liquid_pump"
                }
            },
            {
                "transform": {
                    "m": [
                        -0.8866876363754272,
                        1.3730743653184163e-8,
                        0.4623693525791168,
                        1.525654447220859e-8,
                        1.0,
                        -4.389504315582826e-10,
                        -0.4623693525791168,
                        6.664945928491761e-9,
                        -0.8866876363754272
                    ],
                    "t": [
                        83973.06886888931,
                        6.251000037982938,
                        55874.124255501505
                    ]
                },
                "item": {
                    "_type": "vehicle_editor_add_component",
                    "id": 50,
                    "is_loot": true,
                    "component_def": "electric_junction"
                }
            },
            {
                "transform": {
                    "m": [
                        -0.8866876363754272,
                        -3.8997421958342215e-10,
                        0.4623693525791168,
                        -1.3367635887107099e-9,
                        1.0,
                        -1.72009084753455e-9,
                        -0.4623693525791168,
                        -2.143261346176928e-9,
                        -0.8866876363754272
                    ],
                    "t": [
                        83973.9145590164,
                        6.251000037834315,
                        55873.683263886945
                    ]
                },
                "item": {
                    "_type": "vehicle_editor_add_component",
                    "id": 51,
                    "is_loot": true,
                    "component_def": "liquid_vent"
                }
            },
            {
                "transform": {
                    "m": [
                        -0.8807010650634766,
                        6.130831309292262e-8,
                        0.47367238998413086,
                        1.9904714321228312e-8,
                        1.0,
                        -9.242295817557533e-8,
                        -0.47367238998413086,
                        -7.196869233894176e-8,
                        -0.8807010650634766
                    ],
                    "t": [
                        83976.4447817562,
                        5.49099999730316,
                        55872.12091744799
                    ]
                },
                "item": {
                    "_type": "battery_cell",
                    "id": 52,
                    "is_loot": true
                }
            },
            {
                "transform": {
                    "m": [
                        -0.8733953237533569,
                        6.062097099857056e-7,
                        0.48701196908950806,
                        6.500757763205911e-7,
                        1.0,
                        -7.89231862086126e-8,
                        -0.48701196908950806,
                        2.4766353590166545e-7,
                        -0.8733953237533569
                    ],
                    "t": [
                        83975.95696941076,
                        4.411000140062928,
                        55873.04182214032
                    ]
                },
                "item": {
                    "_type": "vehicle_editor_add_component",
                    "id": 53,
                    "is_loot": true,
                    "component_def": "button_push_round_on"
                }
            },
            {
                "transform": {
                    "m": [
                        -0.8626730442047119,
                        2.9966224701638566e-7,
                        0.50576251745224,
                        2.8075419322703965e-7,
                        1.0,
                        -1.136170766358191e-7,
                        -0.50576251745224,
                        4.3980566744039606e-8,
                        -0.8626730442047119
                    ],
                    "t": [
                        83975.72371880803,
                        4.410999878775823,
                        55872.600727159945
                    ]
                },
                "item": {
                    "_type": "vehicle_editor_add_component",
                    "id": 54,
                    "is_loot": true,
                    "component_def": "square_button_circle"
                }
            },
            {
                "transform": {
                    "m": [
                        -0.8733925819396973,
                        0.00000199068131223612,
                        0.4870169758796692,
                        0.0000017088941604015417,
                        1.0,
                        -0.0000010228513929178007,
                        -0.4870169758796692,
                        -6.109036121415556e-8,
                        -0.8733925819396973
                    ],
                    "t": [
                        83975.21153696353,
                        4.411000001595783,
                        55873.42822779972
                    ]
                },
                "item": {
                    "_type": "vehicle_editor_add_component",
                    "id": 55,
                    "is_loot": true,
                    "component_def": "hinge_knuckle"
                }
            },
            {
                "transform": {
                    "m": [
                        -0.8718326091766357,
                        -1.5449586499016732e-7,
                        0.4898039996623993,
                        -2.3193888409878127e-7,
                        1.0,
                        -9.741856388245651e-8,
                        -0.4898039996623993,
                        -1.9853726485052903e-7,
                        -0.8718326091766357
                    ],
                    "t": [
                        83974.9565165629,
                        4.410999877501901,
                        55872.96767612879
                    ]
                },
                "item": {
                    "_type": "vehicle_editor_add_component",
                    "id": 56,
                    "is_loot": true,
                    "component_def": "electric_junction"
                }
            },
            {
                "transform": {
                    "m": [
                        -0.8825844526290894,
                        8.021309838568413e-9,
                        0.47015419602394104,
                        1.2473167387838657e-8,
                        1.0,
                        6.3538991845746295e-9,
                        -0.47015419602394104,
                        1.1472163663484025e-8,
                        -0.8825844526290894
                    ],
                    "t": [
                        83974.37798974419,
                        5.290999820889212,
                        55873.20678857045
                    ]
                },
                "item": {
                    "_type": "vehicle_editor_add_component",
                    "id": 57,
                    "is_loot": true,
                    "component_def": "liquid_bracket"
                }
            },
            {
                "transform": {
                    "m": [
                        -0.8822078704833984,
                        4.727524469672062e-7,
                        0.4708603322505951,
                        5.272053726912418e-7,
                        1.0,
                        -1.6242083233919402e-8,
                        -0.4708603322505951,
                        2.3391119441384944e-7,
                        -0.8822078704833984
                    ],
                    "t": [
                        83972.16916824192,
                        4.335999753087707,
                        55874.44072526161
                    ]
                },
                "item": {
                    "_type": "vehicle_editor_repair",
                    "id": 58,
                    "is_loot": true
                }
            },
            {
                "transform": {
                    "m": [
                        0.44702839851379395,
                        4.6155506083778164e-8,
                        0.8945198655128479,
                        -4.3097763580135506e-8,
                        1.0,
                        -3.006035598218659e-8,
                        -0.8945198655128479,
                        -2.5113969570611516e-8,
                        0.44702839851379395
                    ],
                    "t": [
                        83980.32724617516,
                        5.27599978289099,
                        55869.44103456081
                    ]
                },
                "item": {
                    "_type": "vehicle_editor_add_plate",
                    "id": 101,
                    "pattern": 25,
                    "is_loot": true,
                    "count": 50
                }
            },
            {
                "transform": {
                    "m": [
                        0.4697783589363098,
                        -1.3475052185185632e-8,
                        0.8827844262123108,
                        1.6744440500815472e-8,
                        1.0,
                        6.353618964283214e-9,
                        -0.8827844262123108,
                        1.1796937648966832e-8,
                        0.4697783589363098
                    ],
                    "t": [
                        83980.6422698251,
                        5.225999755286287,
                        55870.02269230216
                    ]
                },
                "item": {
                    "_type": "vehicle_editor_liquid",
                    "id": 102,
                    "pattern": 25,
                    "is_loot": true
                }
            },
            {
                "transform": {
                    "m": [
                        -0.8956682682037354,
                        7.45611350438935e-10,
                        0.4447231888771057,
                        1.6473300501473886e-9,
                        1.0,
                        1.6411323411347212e-9,
                        -0.4447231888771057,
                        2.202515725358012e-9,
                        -0.8956682682037354
                    ],
                    "t": [
                        83998.27380922892,
                        10.650999886480905,
                        55876.92659508596
                    ]
                },
                "item": {
                    "_type": "vehicle_editor_add_component",
                    "id": 315,
                    "is_loot": true,
                    "component_def": "wheel"
                }
            },
            {
                "transform": {
                    "m": [
                        -0.4483703374862671,
                        -2.0287309610012016e-8,
                        -0.8938480019569397,
                        3.4189859832167713e-9,
                        1.0,
                        -2.4411626498022088e-8,
                        0.8938480019569397,
                        -1.4001500403537648e-8,
                        -0.4483703374862671
                    ],
                    "t": [
                        84042.34917301749,
                        14.981021304673504,
                        55872.107813377166
                    ]
                },
                "item": {
                    "_type": "vehicle_editor_add_component",
                    "id": 321,
                    "is_loot": true,
                    "component_def": "wheel"
                }
            },
            {
                "transform": {
                    "m": [
                        -0.4483703374862671,
                        -1.567430274462822e-8,
                        -0.8938480019569397,
                        -5.447664364055527e-8,
                        1.0,
                        9.790708688228733e-9,
                        0.8938480019569397,
                        5.3083695661371166e-8,
                        -0.4483703374862671
                    ],
                    "t": [
                        84041.76197858115,
                        15.78102127260287,
                        55870.93721212697
                    ]
                },
                "item": {
                    "_type": "vehicle_editor_add_component",
                    "id": 323,
                    "is_loot": true,
                    "component_def": "electric_port_straight",
                    "count": 5
                }
            },
            {
                "transform": {
                    "m": [
                        -0.8999025821685791,
                        3.1617070073153286e-13,
                        0.4360913932323456,
                        -1.988794129381688e-10,
                        1.0,
                        -4.111254114924634e-10,
                        -0.4360913932323456,
                        -4.5670234261052656e-10,
                        -0.8999025821685791
                    ],
                    "t": [
                        83993.70123614676,
                        10.635999865873263,
                        55869.21241269111
                    ]
                },
                "item": {
                    "_type": "vehicle_editor_add_plate",
                    "id": 603,
                    "pattern": 25,
                    "is_loot": true,
                    "count": 50
                }
            },
            {
                "transform": {
                    "m": [
                        0.4643225073814392,
                        9.998032624025655e-9,
                        0.8856662511825562,
                        -7.2087993352454305e-9,
                        1.0,
