{
    "loot_tier_generated_flags": 3,
    "definitions": {},
    "vehicles": {
        "vehicles": []
    },
    "actors": {
        "actors": []
    },
    "floor_items": {
        "items": [
            {
                "transform": {
                    "m": [
                        0.8939856290817261,
                        5.65875524216608e-8,
                        -0.4480956792831421,
                        -5.282432624653666e-8,
                        1.0,
                        2.0895903674045258e-8,
                        0.4480956792831421,
                        4.989713531244888e-9,
                        0.8939856290817261
                    ],
                    "t": [
                        83959.11052130652,
                        6.211000081514156,
                        55867.70179384929
                    ]
                },
                "item": {
                    "_type": "frequency_cartridge",
                    "id": 11,
                    "frequency": "DROP26"
                }
            },
            {
                "transform": {
                    "m": [
                        0.866702139377594,
                        8.776988913439254e-9,
                        -0.4988260865211487,
                        -7.572967142266407e-9,
                        1.0,
                        4.437382017385971e-9,
                        0.4988260865211487,
                        -6.829581344902635e-11,
                        0.866702139377594
                    ],
                    "t": [
                        83960.38826625033,
                        5.465999731322343,
                        55867.4152587797
                    ]
                },
                "item": {
                    "_type": "vehicle_editor_mechanical",
                    "id": 35,
                    "pattern": 25,
                    "is_loot": true
                }
            },
            {
                "transform": {
                    "m": [
                        0.8734058141708374,
                        -3.965543449169218e-9,
                        -0.48699310421943665,
                        2.7313227235481463e-9,
                        1.0,
                        -3.2443796538217384e-9,
                        0.48699310421943665,
                        1.5035250822137414e-9,
                        0.8734058141708374
                    ],
                    "t": [
                        83964.98629884288,
                        4.745999944314939,
                        55864.31213913217
                    ]
                },
                "item": {
                    "_type": "vehicle_editor_mechanical",
                    "id": 36,
                    "pattern": 25,
                    "is_loot": true
                }
            },
            {
                "transform": {
                    "m": [
                        0.4498886466026306,
                        5.079827669618453e-9,
                        0.893084704875946,
                        -3.964219619234655e-9,
                        1.0,
                        -3.6909943990082184e-9,
                        -0.893084704875946,
                        -1.879847166819104e-9,
                        0.4498886466026306
                    ],
                    "t": [
                        83964.07514298307,
                        5.915999875333678,
                        55868.757065195685
                    ]
                },
                "item": {
                    "_type": "vehicle_editor_add_plate",
                    "id": 75,
                    "pattern": 25,
                    "is_loot": true,
                    "count": 50
                }
            },
            {
                "transform": {
                    "m": [
                        0.8831298351287842,
                        -0.0011668539373204112,
                        -0.4691271483898163,
                        -0.001239816308952868,
                        0.9999876022338867,
                        -0.004821205511689186,
                        0.46912696957588196,
                        0.004839382134377956,
                        0.8831174373626709
                    ],
                    "t": [
                        83958.81820709075,
                        4.427477825696986,
                        55867.58818387762
                    ]
                },
                "item": {
                    "_type": "wheel_5_prong_tread",
                    "id": 76,
                    "pattern": 1,
                    "is_loot": true
                }
            },
            {
                "transform": {
                    "m": [
                        0.8907764554023743,
                        0.000055615033488720655,
                        -0.4544416666030884,
                        -0.0005445443675853312,
                        0.9999994039535522,
                        -0.0009450109209865332,
                        0.4544413685798645,
                        0.001089257188141346,
                        0.8907759785652161
                    ],
                    "t": [
                        83959.05504212827,
                        4.3362263705908015,
                        55868.08805872943
                    ]
                },
                "item": {
                    "_type": "vehicle_editor_repair",
                    "id": 77,
                    "is_loot": true
                }
            },
            {
                "transform": {
                    "m": [
                        0.8807070255279541,
                        4.0975800175147015e-7,
                        -0.4736614227294922,
                        -4.2785023879332584e-7,
                        1.0,
                        6.955872322578216e-8,
                        0.4736614227294922,
                        1.4139529014300933e-7,
                        0.8807070255279541
                    ],
                    "t": [
                        83960.82938066631,
                        4.411000111592601,
                        55866.46505895414
                    ]
                },
                "item": {
                    "_type": "vehicle_editor_add_component",
                    "id": 78,
                    "is_loot": true,
                    "component_def": "turnable_knob_d"
                }
            },
            {
                "transform": {
                    "m": [
                        0.8848411440849304,
                        -8.768027015548796e-8,
                        -0.46589288115501404,
                        -8.36433642348311e-8,
                        1.0,
                        -3.4705695384218416e-7,
                        0.46589288115501404,
                        3.4605912446750153e-7,
                        0.8848411440849304
                    ],
                    "t": [
                        83961.0819807306,
                        4.410999903976247,
                        55866.91529049417
                    ]
                },
                "item": {
                    "_type": "vehicle_editor_add_component",
                    "id": 79,
                    "is_loot": true,
                    "component_def": "switch"
                }
            },
            {
                "transform": {
                    "m": [
                        0.872624397277832,
                        0.000001068777805812715,
                        -0.4883919358253479,
                        -0.000001298104393754329,
                        1.0,
                        -1.3100100204610499e-7,
                        0.4883919358253479,
                        7.482983619411243e-7,
                        0.872624397277832
                    ],
                    "t": [
                        83961.60567765315,
                        4.4109999399566355,
                        55866.065465808715
                    ]
                },
                "item": {
                    "_type": "vehicle_editor_add_component",
                    "id": 80,
                    "is_loot": true,
                    "component_def": "liquid_port_straight",
                    "count": 5
                }
            },
            {
                "transform": {
                    "m": [
                        0.8788054585456848,
                        1.705230090465193e-7,
                        -0.47718021273612976,
                        -7.668206336575167e-8,
                        1.0,
                        2.16133003050345e-7,
                        0.47718021273612976,
                        -1.5334768477259786e-7,
                        0.8788054585456848
                    ],
                    "t": [
                        83961.90204261395,
                        4.410999864279482,
                        55866.56953269987
                    ]
                },
                "item": {
                    "_type": "vehicle_editor_add_component",
                    "id": 81,
                    "is_loot": true,
                    "component_def": "junction_x_gas_pipe_a"
                }
            },
            {
                "transform": {
                    "m": [
                        0.8507196307182312,
                        -9.654780308565591e-10,
                        -0.5256197452545166,
                        -4.2041900516487374e-10,
                        1.0,
                        -2.5172890438796003e-9,
                        0.5256197452545166,
                        2.3624879830208556e-9,
                        0.8507196307182312
                    ],
                    "t": [
                        83964.81282593783,
                        4.395999775175817,
                        55865.11556426189
                    ]
                },
                "item": {
                    "_type": "vehicle_editor_add_plate",
                    "id": 82,
                    "pattern": 25,
                    "is_loot": true,
                    "count": 50
                }
            },
            {
                "transform": {
                    "m": [
                        0.8918202519416809,
                        -4.507948681009566e-9,
                        -0.4523899555206299,
                        1.0074762135658943e-9,
                        1.0,
                        -7.978649740891797e-9,
                        0.4523899555206299,
                        6.659749196558096e-9,
                        0.8918202519416809
                    ],
                    "t": [
                        83963.68720091895,
                        6.251000038037093,
                        55865.407361370795
                    ]
                },
                "item": {
                    "_type": "vehicle_editor_add_component",
                    "id": 116,
                    "is_loot": true,
                    "component_def": "circular_dial_small_d"
                }
            },
            {
                "transform": {
                    "m": [
                        0.895054280757904,
                        1.0484771939545112e-9,
                        -0.445957213640213,
                        -2.4296897827014163e-9,
                        1.0,
                        -2.5254156543752515e-9,
                        0.445957213640213,
                        3.34392180612042e-9,
                        0.895054280757904
                    ],
                    "t": [
                        83962.78720810261,
                        6.251000038040801,
                        55865.86601588074
                    ]
                },
                "item": {
                    "_type": "vehicle_editor_add_component",
                    "id": 117,
                    "is_loot": true,
                    "component_def": "gas_port_straight",
                    "count": 5
                }
            },
            {
                "transform": {
                    "m": [
                        0.895054280757904,
                        7.236715227065815e-9,
                        -0.445957213640213,
                        -6.613095848706507e-9,
                        1.0,
                        2.9546227686694237e-9,
                        0.445957213640213,
                        3.0460933775344756e-10,
                        0.895054280757904
                    ],
                    "t": [
                        83961.99382662257,
                        6.251000037868628,
                        55866.26131558731
                    ]
                },
                "item": {
                    "_type": "vehicle_editor_add_component",
                    "id": 118,
                    "is_loot": true,
                    "component_def": "mechanical_junction_invert"
                }
            },
            {
                "transform": {
                    "m": [
                        0.8950549960136414,
                        3.35211822743986e-8,
                        -0.4459558129310608,
                        -2.8185134226532682e-8,
                        1.0,
                        1.8598113271650618e-8,
                        0.4459558129310608,
                        -4.077008952663164e-9,
                        0.8950549960136414
                    ],
                    "t": [
                        83960.00429617267,
                        6.301000085285908,
                        55867.25259415374
                    ]
                },
                "item": {
                    "_type": "vehicle_editor_paint",
                    "id": 119,
                    "pattern": 25,
                    "is_loot": true,
                    "col": 35
                }
            },
            {
                "transform": {
                    "m": [
                        0.8841139674186707,
                        3.8571804084064354e-10,
                        -0.4672713577747345,
                        -1.177415387410008e-9,
                        1.0,
                        -1.4022931704715802e-9,
                        0.4672713577747345,
                        1.7899592918979579e-9,
                        0.8841139674186707
                    ],
                    "t": [
                        83965.82881543066,
                        4.81099992103217,
                        55868.90851319069
                    ]
                },
                "item": {
                    "_type": "vehicle_editor_add_component",
                    "id": 125,
                    "is_loot": true,
                    "component_def": "gas_port_angle",
                    "count": 5
                }
            },
            {
                "transform": {
                    "m": [
                        0.8710792660713196,
                        -3.041562735006664e-8,
                        -0.4911424517631531,
                        4.382509644074162e-8,
                        1.0,
                        1.579888575520272e-8,
                        0.4911424517631531,
                        -3.5286443988979954e-8,
                        0.8710792660713196
                    ],
                    "t": [
                        83966.32888294452,
                        4.860999968270573,
                        55868.63848817652
                    ]
                },
                "item": {
                    "_type": "vehicle_editor_paint",
                    "id": 126,
                    "pattern": 25,
                    "is_loot": true,
                    "col": 59
                }
            },
            {
                "transform": {
                    "m": [
                        -0.885601282119751,
                        -1.3660301334539326e-8,
                        0.46444666385650635,
                        -7.622011821695196e-8,
                        1.0,
                        -1.1592357651579732e-7,
                        -0.46444666385650635,
                        -1.38062219434687e-7,
                        -0.885601282119751
                    ],
                    "t": [
                        83964.63165088966,
                        5.22599980847114,
                        55868.03316725439
                    ]
                },
                "item": {
                    "_type": "vehicle_editor_gas",
                    "id": 127,
                    "pattern": 25,
                    "is_loot": true
                }
            },
            {
                "transform": {
                    "m": [
                        -0.9075396060943604,
                        3.904991530134794e-8,
                        0.4199668765068054,
                        2.6676580944240413e-8,
                        1.0,
                        -3.533580539283321e-8,
                        -0.4199668765068054,
                        -2.086535744183493e-8,
                        -0.9075396060943604
                    ],
                    "t": [
                        83964.93008803706,
                        5.240999829537605,
                        55868.59548420994
                    ]
                },
                "item": {
                    "_type": "radio_a",
                    "id": 128,
                    "pattern": 12,
                    "is_loot": true,
                    "children": []
                }
            },
            {
                "transform": {
                    "m": [
                        -0.8961373567581177,
                        -2.016231182011552e-9,
                        0.4437771439552307,
                        -2.5337980602557764e-9,
                        1.0,
                        -5.732593844065548e-10,
                        -0.4437771439552307,
                        -1.6381604961424046e-9,
                        -0.8961373567581177
                    ],
                    "t": [
                        83966.08201722248,
                        5.290999821107835,
                        55868.00385637501
                    ]
                },
                "item": {
                    "_type": "vehicle_editor_add_component",
                    "id": 129,
                    "is_loot": true,
                    "component_def": "light_indicator_a"
                }
            },
            {
                "transform": {
                    "m": [
                        -0.8954261541366577,
                        -1.9678774165754476e-9,
                        0.44521036744117737,
                        -3.005846682668789e-9,
                        1.0,
                        -1.6253802748167345e-9,
                        -0.44521036744117737,
                        -2.7936417623664056e-9,
                        -0.8954261541366577
                    ],
                    "t": [
                        83966.73544742924,
                        5.290999821143691,
                        55867.88078619638
                    ]
                },
                "item": {
                    "_type": "vehicle_editor_add_component",
                    "id": 130,
                    "is_loot": true,
                    "component_def": "circular_dial_d"
                }
            }
        ]
    },
    "creative_domes": {
        "domes": []
    },
    "props": {
        "props": [
            {
                "id": 1,
                "transform": {
                    "m": [
                        0.057725608348846436,
                        0.0,
                        -0.9983325600624084,
                        0.0,
                        1.0,
                        0.0,
                        0.9983325600624084,
                        0.0,
                        0.057725608348846436
                    ],
                    "t": [
                        83934.95527738058,
                        4.690005757198481,
                        55867.655071697285
                    ]
                },
                "definition_id": "safety_rail_a",
                "color": 41
            },
            {
                "id": 2,
                "transform": {
                    "m": [
                        0.057725608348846436,
                        0.0000014662433613921166,
                        -0.9983325600624084,
                        0.0000037405397961265408,
                        1.0,
                        0.000001684978428784234,
                        0.9983325600624084,
                        -0.000003831568847090239,
                        0.057725608348846436
                    ],
                    "t": [
                        83935.07303612426,
                        4.690005757183531,
                        55865.61846838365
                    ]
                },
                "definition_id": "safety_rail_a",
                "color": 18
            },
            {
                "id": 3,
                "transform": {
                    "m": [
                        0.057725608348846436,
                        0.0,
                        -0.9983325600624084,
                        0.0,
                        1.0,
                        0.0,
                        0.9983325600624084,
                        0.0,
                        0.057725608348846436
                    ],
                    "t": [
                        83935.190798218,
                        4.690005757198481,
                        55863.58187517181
                    ]
                },
                "definition_id": "safety_rail_a",
                "color": 32
            },
            {
                "id": 4,
                "transform": {
                    "m": [
                        0.057725608348846436,
                        0.0,
                        -0.9983325600624084,
                        0.0,
                        1.0,
                        0.0,
                        0.9983325600624084,
                        0.0,
                        0.057725608348846436
                    ],
                    "t": [
                        83935.30855863671,
                        4.690005757198481,
                        55861.54527690907
                    ]
                },
                "definition_id": "safety_rail_a",
                "color": 20
            },
            {
                "id": 5,
                "transform": {
                    "m": [
                        0.057725608348846436,
                        0.0,
                        -0.9983325600624084,
                        0.0,
                        1.0,
                        0.0,
                        0.9983325600624084,
                        0.0,
                        0.057725608348846436
                    ],
                    "t": [
                        83935.42631905542,
                        4.690005757198481,
                        55859.508678646336
                    ]
                },
                "definition_id": "safety_rail_a",
                "color": 14
            },
            {
                "id": 6,
                "transform": {
                    "m": [
                        0.057725608348846436,
                        0.000004507716766966041,
                        -0.9983325600624084,
                        1.6770695765444543e-7,
                        1.0,
                        0.000004524943506112322,
                        0.9983325600624084,
                        -4.2863302951445803e-7,
                        0.057725608348846436
                    ],
                    "t": [
                        83935.54407982038,
                        4.690005757198993,
                        55857.47207710084
                    ]
                },
                "definition_id": "safety_rail_a",
                "color": 50
            },
            {
                "id": 7,
                "transform": {
                    "m": [
                        0.057725608348846436,
                        0.0,
                        -0.9983325600624084,
                        0.0,
                        1.0,
                        0.0,
                        0.9983325600624084,
                        0.0,
                        0.057725608348846436
                    ],
                    "t": [
                        83935.66183989285,
                        4.690005757198481,
                        55855.43548212086
                    ]
                },
                "definition_id": "safety_rail_a",
                "color": 19
            },
            {
                "id": 8,
                "transform": {
                    "m": [
                        0.057725608348846436,
                        0.0,
                        -0.9983325600624084,
                        0.0,
                        1.0,
                        0.0,
                        0.9983325600624084,
                        0.0,
                        0.057725608348846436
                    ],
                    "t": [
                        83935.77960031157,
                        4.690005757198481,
                        55853.39888385812
                    ]
                },
                "definition_id": "safety_rail_a",
                "color": 51
            },
            {
                "id": 9,
                "transform": {
                    "m": [
                        0.057725608348846436,
                        -0.000004234996595187113,
                        -0.9983325600624084,
                        -1.5758337212901097e-7,
                        1.0,
                        -0.000004251182417647215,
                        0.9983325600624084,
                        4.0272288970299996e-7,
                        0.057725608348846436
                    ],
                    "t": [
                        83935.89736032113,
                        4.690005757192797,
                        55851.3622906593
                    ]
                },
                "definition_id": "safety_rail_a",
                "color": 17
            },
            {
                "id": 10,
                "transform": {
                    "m": [
                        0.057725608348846436,
                        -3.006853148690425e-7,
                        -0.9983325600624084,
                        0.000008498786883137655,
                        1.0,
                        1.9022991182282567e-7,
                        0.9983325600624084,
                        -0.000008495596375723835,
                        0.057725608348846436
                    ],
                    "t": [
                        83936.01511331339,
                        4.690005756936944,
                        55849.32568357314
                    ]
                },
                "definition_id": "safety_rail_a",
                "color": 58
            },
            {
                "id": 11,
                "transform": {
                    "m": [
                        0.057725608348846436,
                        0.000001522200477666047,
                        -0.9983325600624084,
                        0.000003656904482340906,
                        1.0,
                        0.0000017361928712489316,
                        0.9983325600624084,
                        -0.0000037510292258957634,
                        0.057725608348846436
                    ],
                    "t": [
                        83936.13288116158,
                        4.6900057572030285,
                        55847.289081991854
                    ]
                },
                "definition_id": "safety_rail_a",
                "color": 3
            },
            {
                "id": 12,
                "transform": {
                    "m": [
                        0.057725608348846436,
                        0.0000034303925531276036,
                        -0.9983325600624084,
                        1.4378110790858045e-7,
                        1.0,
                        0.0000034444360608176794,
                        0.9983325600624084,
                        -3.423738235142082e-7,
                        0.057725608348846436
                    ],
                    "t": [
                        83936.25064243814,
                        4.690005757185748,
                        55845.25248346747
                    ]
                },
                "definition_id": "safety_rail_a",
                "color": 34
            },
            {
                "id": 13,
                "transform": {
                    "m": [
                        0.057725608348846436,
                        0.0000034303925531276036,
                        -0.9983325600624084,
                        1.4378110790858045e-7,
                        1.0,
                        0.0000034444360608176794,
                        0.9983325600624084,
                        -3.423738235142082e-7,
                        0.057725608348846436
                    ],
                    "t": [
                        83936.36840285685,
                        4.690005757185748,
                        55843.215885204736
                    ]
                },
                "definition_id": "safety_rail_a"
            },
            {
                "id": 14,
                "transform": {
                    "m": [
                        0.057725608348846436,
                        3.2829166229930706e-7,
                        -0.9983325600624084,
                        -0.000008496301234117709,
                        1.0,
                        -1.6243438949459232e-7,
                        0.9983325600624084,
                        0.00000849151001602877,
                        0.057725608348846436
                    ],
                    "t": [
                        83936.48616834685,
                        4.690005757052848,
                        55841.179287439234
                    ]
                },
                "definition_id": "safety_rail_a",
                "color": 42
            },
            {
                "id": 15,
                "transform": {
                    "m": [
                        0.057725608348846436,
                        -3.1052377380547114e-7,
                        -0.9983325600624084,
                        0.000008497727321810089,
                        1.0,
                        1.8031369108939543e-7,
                        0.9983325600624084,
                        -0.000008493966561218258,
                        0.057725608348846436
                    ],
                    "t": [
                        83936.60391944597,
                        4.6900057571231635,
                        55839.142696780065
                    ]
                },
                "definition_id": "safety_rail_a",
                "color": 61
            },
            {
                "id": 16,
                "transform": {
                    "m": [
                        0.057725608348846436,
                        0.0,
                        -0.9983325600624084,
                        0.0,
                        1.0,
                        0.0,
                        0.9983325600624084,
                        0.0,
                        0.057725608348846436
                    ],
                    "t": [
                        83936.72168366126,
                        4.690005757198481,
                        55837.10609775622
                    ]
                },
                "definition_id": "safety_rail_a",
                "color": 2
            },
            {
                "id": 17,
                "transform": {
                    "m": [
                        0.057725608348846436,
                        0.0,
                        -0.9983325600624084,
                        0.0,
                        1.0,
                        0.0,
                        0.9983325600624084,
                        0.0,
                        0.057725608348846436
                    ],
                    "t": [
                        83936.83944407997,
                        4.690005757198481,
                        55835.06949949349
                    ]
                },
                "definition_id": "safety_rail_a",
                "color": 29
            },
            {
                "id": 18,
                "transform": {
                    "m": [
                        0.057725608348846436,
                        1.8181435734732077e-7,
                        -0.9983325600624084,
                        -0.0000045769752432534005,
                        1.0,
                        -8.253232408605982e-8,
                        0.9983325600624084,
                        0.00000457410715171136,
                        0.057725608348846436
                    ],
                    "t": [
                        83936.95720673758,
                        4.690005757171253,
                        55833.03290064937
                    ]
                },
                "definition_id": "safety_rail_a",
                "color": 42
            },
            {
                "id": 19,
                "transform": {
                    "m": [
                        0.057725608348846436,
                        0.0,
                        -0.9983325600624084,
                        0.0,
                        1.0,
                        0.0,
                        0.9983325600624084,
                        0.0,
                        0.057725608348846436
                    ],
                    "t": [
                        83937.0749649174,
                        4.690005757198481,
                        55830.996302968015
                    ]
                },
                "definition_id": "safety_rail_a",
                "color": 38
            },
            {
                "id": 20,
                "transform": {
                    "m": [
                        0.057725608348846436,
                        0.0,
                        -0.9983325600624084,
                        0.0,
                        1.0,
                        0.0,
                        0.9983325600624084,
                        0.0,
                        0.057725608348846436
                    ],
                    "t": [
                        83937.1927253361,
                        4.690005757198481,
                        55828.959704705274
                    ]
                },
                "definition_id": "safety_rail_a",
                "color": 58
            },
            {
                "id": 21,
                "transform": {
                    "m": [
                        0.057725608348846436,
                        -0.000003430395281611709,
                        -0.9983325600624084,
                        -1.4378122159541817e-7,
                        1.0,
                        -0.0000034444387893017847,
                        0.9983325600624084,
                        3.4237416457472136e-7,
                        0.057725608348846436
                    ],
                    "t": [
                        83937.31048552455,
                        4.690005757200755,
                        55826.92310784621
                    ]
                },
                "definition_id": "safety_rail_a",
                "color": 28
            },
            {
                "id": 22,
                "transform": {
                    "m": [
                        0.057725608348846436,
                        -0.0000034303925531276036,
                        -0.9983325600624084,
                        -1.4378110790858045e-7,
                        1.0,
                        -0.0000034444360608176794,
                        0.9983325600624084,
                        3.423738235142082e-7,
                        0.057725608348846436
                    ],
                    "t": [
                        83937.42824594483,
                        4.690005757201096,
                        55824.88650952112
                    ]
                },
                "definition_id": "safety_rail_a",
                "color": 55
            },
            {
                "id": 23,
                "transform": {
                    "m": [
                        0.057725608348846436,
                        -0.0000034303925531276036,
                        -0.9983325600624084,
                        -1.4378110790858045e-7,
                        1.0,
                        -0.0000034444360608176794,
                        0.9983325600624084,
                        3.423738235142082e-7,
                        0.057725608348846436
                    ],
                    "t": [
                        83937.54600636354,
                        4.690005757201096,
                        55822.84991125838
                    ]
                },
                "definition_id": "safety_rail_a",
                "color": 62
            },
            {
                "id": 24,
                "transform": {
                    "m": [
                        0.057725608348846436,
                        0.0000017551019482198171,
                        -0.9983325600624084,
                        0.0000037817708289367147,
                        1.0,
                        0.0000019767035155382473,
                        0.9983325600624084,
                        -0.0000038895709622011054,
                        0.057725608348846436
                    ],
                    "t": [
                        83937.66376490657,
                        4.690005757159657,
                        55820.81330483513
                    ]
                },
                "definition_id": "safety_rail_a",
                "color": 14
            },
            {
                "id": 25,
                "transform": {
                    "m": [
                        0.057725608348846436,
                        0.0000034303925531276036,
                        -0.9983325600624084,
                        1.4378110790858045e-7,
                        1.0,
                        0.0000034444360608176794,
                        0.9983325600624084,
                        -3.423738235142082e-7,
                        0.057725608348846436
                    ],
                    "t": [
                        83937.7815278491,
                        4.690005757188022,
                        55818.776706926605
                    ]
                },
                "definition_id": "safety_rail_a",
                "color": 27
            }
        ]
    },
    "ropes": {
        "ropes": []
    }
}